272.05,0.0,1.3
277.55,0.0,1.28
283.15,0.0,1.25
288.75,0.0,1.22
294.25,0.0,1.2
299.85,0.0,1.19
305.35,0.0,1.15
310.95,0.0,1.14
322.05,0.0,1.11
333.15,0.0,1.06
338.75,0.0,1.04
366.45,0.0,0.96
394.25,0.0,0.9
422.05,0.0,0.83
477.55,0.0,0.74
533.15,0.0,0.66
588.75,0.0,0.61
272.05,0.34,1.75
277.55,0.34,1.71
283.15,0.34,1.68
288.75,0.34,1.63
294.25,0.34,1.62
299.85,0.34,1.59
305.35,0.34,1.55
310.95,0.34,1.52
322.05,0.34,1.47
333.15,0.34,1.43
338.75,0.34,1.39
366.45,0.34,1.3
394.25,0.34,1.2
422.05,0.34,1.12
477.55,0.34,0.99
533.15,0.34,0.9
588.75,0.34,0.8
272.05,0.69,2.18
277.55,0.69,2.15
283.15,0.69,2.1
288.75,0.69,2.05
294.25,0.69,2.02
299.85,0.69,1.99
305.35,0.69,1.94
310.95,0.69,1.91
322.05,0.69,1.84
333.15,0.69,1.78
338.75,0.69,1.75
366.45,0.69,1.62
394.25,0.69,1.51
422.05,0.69,1.41
477.55,0.69,1.25
533.15,0.69,1.12
588.75,0.69,1.01
272.05,1.38,3.08
277.55,1.38,3.01
283.15,1.38,2.96
288.75,1.38,2.88
294.25,1.38,2.84
299.85,1.38,2.79
305.35,1.38,2.74
310.95,1.38,2.69
322.05,1.38,2.59
333.15,1.38,2.5
338.75,1.38,2.47
366.45,1.38,2.27
394.25,1.38,2.11
422.05,1.38,1.97
477.55,1.38,1.75
533.15,1.38,1.57
588.75,1.38,1.43
272.05,2.07,3.96
277.55,2.07,3.88
283.15,2.07,3.81
288.75,2.07,3.72
294.25,2.07,3.65
299.85,2.07,3.59
305.35,2.07,3.52
310.95,2.07,3.46
322.05,2.07,3.33
333.15,2.07,3.22
338.75,2.07,3.17
366.45,2.07,2.93
394.25,2.07,2.72
422.05,2.07,2.55
477.55,2.07,2.26
533.15,2.07,2.02
588.75,2.07,1.83
272.05,2.72,4.84
277.55,2.72,4.73
283.15,2.72,4.66
288.75,2.72,4.55
294.25,2.72,4.47
299.85,2.72,4.39
305.35,2.72,4.31
310.95,2.72,4.23
322.05,2.72,4.08
333.15,2.72,3.94
338.75,2.72,3.88
366.45,2.72,3.6
394.25,2.72,3.33
422.05,2.72,3.12
477.55,2.72,2.76
533.15,2.72,2.47
588.75,2.72,2.24
272.05,3.45,5.72
277.55,3.45,5.61
283.15,3.45,5.51
288.75,3.45,5.38
294.25,3.45,5.29
299.85,3.45,5.19
305.35,3.45,5.09
310.95,3.45,5.0
322.05,3.45,4.84
333.15,3.45,4.66
338.75,3.45,4.6
366.45,3.45,4.24
394.25,3.45,3.94
422.05,3.45,3.68
477.55,3.45,3.25
533.15,3.45,2.92
588.75,3.45,2.64
272.05,4.14,6.6
277.55,4.14,6.47
283.15,4.14,6.36
288.75,4.14,6.22
294.25,4.14,6.1
299.85,4.14,5.99
305.35,4.14,5.88
310.95,4.14,5.78
322.05,4.14,5.57
333.15,4.14,5.4
338.75,4.14,5.3
366.45,4.14,4.9
394.25,4.14,4.55
422.05,4.14,4.26
477.55,4.14,3.76
533.15,4.14,3.36
588.75,4.14,3.04
272.05,4.83,7.48
277.55,4.83,7.34
283.15,4.83,7.22
288.75,4.83,7.05
294.25,4.83,6.92
299.85,4.83,6.79
305.35,4.83,6.66
310.95,4.83,6.55
322.05,4.83,6.33
333.15,4.83,6.12
338.75,4.83,6.01
366.45,4.83,5.56
394.25,4.83,5.16
422.05,4.83,4.82
477.55,4.83,4.26
533.15,4.83,3.81
588.75,4.83,3.46
272.05,5.52,8.36
277.55,5.52,8.2
283.15,5.52,8.07
288.75,5.52,7.88
294.25,5.52,7.74
299.85,5.52,7.59
305.35,5.52,7.45
310.95,5.52,7.32
322.05,5.52,7.06
333.15,5.52,6.84
338.75,5.52,6.73
366.45,5.52,6.22
394.25,5.52,5.78
422.05,5.52,5.4
477.55,5.52,4.77
533.15,5.52,4.28
588.75,5.52,3.86
272.05,6.21,9.26
277.55,6.21,9.07
283.15,6.21,8.92
288.75,6.21,8.71
294.25,6.21,8.55
299.85,6.21,8.39
305.35,6.21,8.25
310.95,6.21,8.09
322.05,6.21,7.82
333.15,6.21,7.56
338.75,6.21,7.43
366.45,6.21,6.87
394.25,6.21,6.39
422.05,6.21,5.96
477.55,6.21,5.27
533.15,6.21,4.73
588.75,6.21,4.28
272.05,6.89,10.14
277.55,6.89,9.93
283.15,6.89,9.77
288.75,6.89,9.55
294.25,6.89,9.37
299.85,6.89,9.19
305.35,6.89,9.03
310.95,6.89,8.87
322.05,6.89,8.57
333.15,6.89,8.28
338.75,6.89,8.14
366.45,6.89,7.53
394.25,6.89,7.0
422.05,6.89,6.54
477.55,6.89,5.77
533.15,6.89,5.17
588.75,6.89,4.68
272.05,8.27,11.9
277.55,8.27,11.66
283.15,8.27,11.49
288.75,8.27,11.21
294.25,8.27,11.0
299.85,8.27,10.8
305.35,8.27,10.6
310.95,8.27,10.41
322.05,8.27,10.06
333.15,8.27,9.72
338.75,8.27,9.56
366.45,8.27,8.84
394.25,8.27,8.22
422.05,8.27,7.67
477.55,8.27,6.78
533.15,8.27,6.07
588.75,8.27,5.49
272.05,9.65,13.66
277.55,9.65,13.39
283.15,9.65,13.18
288.75,9.65,12.88
294.25,9.65,12.64
299.85,9.65,12.4
305.35,9.65,12.17
310.95,9.65,11.97
322.05,9.65,11.55
333.15,9.65,11.16
338.75,9.65,10.99
366.45,9.65,10.16
394.25,9.65,9.43
422.05,9.65,8.81
477.55,9.65,7.78
533.15,9.65,6.98
588.75,9.65,6.31
272.05,10.34,14.56
277.55,10.34,14.26
283.15,10.34,14.03
288.75,10.34,13.71
294.25,10.34,13.46
299.85,10.34,13.2
305.35,10.34,12.96
310.95,10.34,12.73
322.05,10.34,12.3
333.15,10.34,11.89
338.75,10.34,11.69
366.45,10.34,10.81
394.25,10.34,10.04
422.05,10.34,9.39
477.55,10.34,8.3
533.15,10.34,7.43
588.75,10.34,6.73
272.05,13.79,18.98
277.55,13.79,18.6
283.15,13.79,18.29
288.75,13.79,17.88
294.25,13.79,17.54
299.85,13.79,17.22
305.35,13.79,16.9
310.95,13.79,16.6
322.05,13.79,16.03
333.15,13.79,15.49
338.75,13.79,15.23
366.45,13.79,14.08
394.25,13.79,13.09
422.05,13.79,12.24
477.55,13.79,10.81
533.15,13.79,9.68
588.75,13.79,8.76
272.05,17.24,23.39
277.55,17.24,22.92
283.15,17.24,22.55
288.75,17.24,22.04
294.25,17.24,21.62
299.85,17.24,21.22
305.35,17.24,20.84
310.95,17.24,20.47
322.05,17.24,19.77
333.15,17.24,19.11
338.75,17.24,18.79
366.45,17.24,17.36
394.25,17.24,16.15
422.05,17.24,15.07
477.55,17.24,13.33
533.15,17.24,11.93
588.75,17.24,10.81
272.05,20.68,27.81
277.55,20.68,27.26
283.15,20.68,26.81
288.75,20.68,26.21
294.25,20.68,25.71
299.85,20.68,25.23
305.35,20.68,24.78
310.95,20.68,24.33
322.05,20.68,23.5
333.15,20.68,22.71
338.75,20.68,22.35
366.45,20.68,20.65
394.25,20.68,19.19
422.05,20.68,17.92
477.55,20.68,15.84
533.15,20.68,14.19
588.75,20.68,12.85
272.05,27.58,36.68
277.55,27.58,35.88
283.15,27.58,35.4
288.75,27.58,34.6
294.25,27.58,33.96
299.85,27.58,33.32
305.35,27.58,32.68
310.95,27.58,32.04
322.05,27.58,30.96
333.15,27.58,29.92
338.75,27.58,29.44
366.45,27.58,27.2
394.25,27.58,25.29
422.05,27.58,23.63
477.55,27.58,20.87
533.15,27.58,18.69
588.75,27.58,16.93
272.05,34.47,45.49
277.55,34.47,44.53
283.15,34.47,43.89
288.75,34.47,42.93
294.25,34.47,42.13
299.85,34.47,41.33
305.35,34.47,40.53
310.95,34.47,39.73
322.05,34.47,38.44
333.15,34.47,37.16
338.75,34.47,36.52
366.45,34.47,33.8
394.25,34.47,31.38
422.05,34.47,29.31
477.55,34.47,25.92
533.15,34.47,23.21
588.75,34.47,21.02
272.05,48.26,63.11
277.55,48.26,61.83
283.15,48.26,60.87
288.75,48.26,59.59
294.25,48.26,58.47
299.85,48.26,57.35
305.35,48.26,56.22
310.95,48.26,55.26
322.05,48.26,53.34
333.15,48.26,51.58
338.75,48.26,50.78
366.45,48.26,46.93
394.25,48.26,43.57
422.05,48.26,40.69
477.55,48.26,36.04
533.15,48.26,32.2
588.75,48.26,29.19
272.05,55.16,71.92
277.55,55.16,70.48
283.15,55.16,69.36
288.75,55.16,67.92
294.25,55.16,66.64
299.85,55.16,65.36
305.35,55.16,64.07
310.95,55.16,62.95
322.05,55.16,60.87
333.15,55.16,58.79
338.75,55.16,57.83
366.45,55.16,53.5
394.25,55.16,49.66
422.05,55.16,46.45
477.55,55.16,41.01
533.15,55.16,36.68
588.75,55.16,33.32
272.05,62.05,80.89
277.55,62.05,79.29
283.15,62.05,78.01
288.75,62.05,76.25
294.25,62.05,74.81
299.85,62.05,73.36
305.35,62.05,72.08
310.95,62.05,70.8
322.05,62.05,68.24
333.15,62.05,66.0
338.75,62.05,64.87
366.45,62.05,60.07
394.25,62.05,55.74
422.05,62.05,52.06
477.55,62.05,45.97
533.15,62.05,41.33
588.75,62.05,37.32
272.05,68.95,89.7
277.55,68.95,87.94
283.15,68.95,86.5
288.75,68.95,84.58
294.25,68.95,82.98
299.85,68.95,81.37
305.35,68.95,79.93
310.95,68.95,78.49
322.05,68.95,75.77
333.15,68.95,73.2
338.75,68.95,72.08
366.45,68.95,66.64
394.25,68.95,61.83
422.05,68.95,57.83
477.55,68.95,51.1
533.15,68.95,45.81
588.75,68.95,41.49
